-12
134
107
16
109
23
136
60
89
82
-18
140
37
114
50
-6
0
3
1
22
-41
81
23
188
21
-108
199
70
174
126
9
152
99
175
57
-28
146
75
118
65
-79
53
3
114
130
-11
45
40
126
124
37
1
37
42
2
-46
35
112
129
131
27
27
1
197
116
73
152
8
49
120
96
199
59
140
113
-33
177
97
199
44
-23
121
27
116
70
-59
60
38
156
58
85
41
112
182
13
-125
38
82
161
78
-39
111
57
142
110
-6
0
30
105
6
-76
1
38
64
122
-91
170
62
14
24
19
136
69
39
101
66
148
15
138
14
-1
0
8
132
14
-7
98
13
59
126
85
40
89
64
124
-56
87
53
172
73
-119
126
96
174
35
-11
39
11
158
128
-89
4
33
183
99
-13
28
3
2
80
-86
41
43
46
53
-39
152
112
167
38
108
160
57
41
128
-68
53
108
180
43
-68
5
37
198
81
-38
101
96
162
40
-69
15
49
144
74
3
142
7
174
90
83
29
66
114
122
-5
26
107
198
48
-121
148
103
148
62
-17
100
121
124
115
75
91
2
189
0
-23
19
61
127
9
47
0
39
4
118
100
7
11
158
24
123
0
77
90
13
-58
136
2
29
123
-128
146
45
166
21
-80
195
9
12
58
-103
0
40
37
9
-109
175
87
130
58
85
83
63
137
82
-72
17
88
107
15
15
46
0
147
26
72
47
13
136
94
44
192
126
67
125
120
1
76
43
57
64
14
109
60
44
-69
16
96
152
12
-109
18
2
54
129
-52
2
43
5
65
-80
93
80
124
103
38
139
16
80
122
-55
7
55
173
2
78
109
44
195
130
80
3
50
33
1
-105
145
8
188
128
118
100
123
188
51
-24
157
64
67
23
71
5
42
30
7
-16
115
77
44
104
-75
173
78
119
120
-55
43
0
134
79
-124
108
44
30
81
45
151
30
55
52
-78
26
86
138
70
10
3
52
192
71
-25
15
6
155
86
1
117
119
130
88
-28
6
54
149
122
111
187
60
30
122
-53
70
100
133
44
113
14
74
65
72
44
80
77
178
122
-86
3
91
127
92
119
4
90
196
86
-92
88
123
55
125
120
83
108
61
128
66
181
22
69
18
58
108
45
90
93
-89
42
94
126
116
-38
171
8
158
11
-99
195
96
13
62
-22
48
95
149
51
-68
84
87
170
129
98
0
55
101
34
83
187
54
115
123
-39
79
52
196
32
-11
71
100
24
72
-94
8
53
122
113
-85
10
5
192
115
-4
0
92
7
86
58
101
109
128
126
-74
14
107
187
79
33
7
62
171
57
85
21
30
149
51
-75
194
26
148
76
5
32
49
23
30
78
4
91
70
20
40
34
77
71
56
90
35
11
13
31
-74
39
65
198
58
96
94
31
2
130
22
193
37
75
116
88
150
69
7
38
-58
84
97
123
68
83
197
84
162
66
36
6
80
196
4
59
11
55
106
18
52
7
82
4
63
34
182
20
165
118
99
22
97
184
47
115
2
99
160
9
16
91
73
170
36
74
106
26
95
59
109
189
99
139
6
118
198
99
184
129
74
14
54
18
46
31
27
94
23
62
14
0
112
16
127
121
34
79
6
28
39
16
113
40
5
79
74
78
52
68
-79
9
48
17
32
73
31
32
114
17
117
9
7
20
59
-32
7
56
126
16
92
0
127
63
45
94
29
43
128
28
122
28
64
82
6
63
5
0
25
33
-8
33
28
168
15
-125
19
40
127
16
-113
83
91
175
16
-125
48
0
3
31
-54
17
41
44
7
106
14
94
22
20
8
100
44
39
53
-81
29
63
124
1
-58
115
7
110
28
-45
41
77
42
32
-89
53
6
60
32
88
30
44
88
19
-49
162
38
129
59
70
141
56
51
50
-3
65
59
114
69
61
31
7
27
20
-4
45
100
4
117
66
194
78
118
84
46
39
6
6
43
106
40
111
168
2
107
8
0
196
25
-1
181
112
135
113
-99
126
18
32
7
-104
111
29
191
26
-105
121
22
41
12
105
118
50
47
3
99
6
90
138
21
5
11
77
20
34
39
33
74
150
4
-118
59
56
115
3
48
24
33
35
29
105
111
64
100
7
82
191
48
48
42
-10
32
116
49
16
-65
75
61
112
3
75
34
48
80
10
-109
140
117
57
70
-92
8
82
34
19
12
132
13
18
21
115
54
71
22
43
-114
169
18
133
38
-2
44
41
69
70
106
93
66
100
117
-126
65
22
42
17
85
183
4
25
59
-3
76
94
78
51
-96
64
70
124
39
98
92
76
93
35
-112
14
103
11
11
69
9
115
60
79
121
72
39
1
64
-113
75
18
23
10
88
75
119
136
80
-78
61
112
132
17
-77
